$nbin
nbeams = 1
inbfus = 1
amb = 2.0
zbeam = 1.0
ebeam = 76.56296774
pbeam = 4.88
rtang = 1.715
nbshape = 1
bwidth = 0.12
bheigh = 0.48
bgaussR = 0.066
bgaussZ = 0.18
bzpos = 0.0
nbptype = 1
maxiter = 2
pwrfrac(1,1) = 0.764219265   0.128745659   0.107035076
a = 0.588
r0 = 1.7166
b0 = 2.0
n = 51
e0 = 1.25
ea = 1.8623
shft0 = 0.043537415
nion = 2
aion = 2.0 12.0
zion = 1.0 6.0
$end
